time elapsed: 0 (1,3) (3,1) (4,39) (5,2) (6,19) (7,8) (8,11) (9,4) (11,16) (12,12) (13,5) (14,7) (15,25) (16,17) (17,23) (18,10) (20,34) 
time elapsed: 1 (1,3) (3,1) (4,39) (5,2) (6,19) (7,8) (8,11) (9,4) (11,16) (12,12) (13,5) (14,7) (15,25) (16,17) (17,23) (18,10) (20,34) 
time elapsed: 2 (1,3) (3,1) (4,39) (5,2) (6,19) (7,8) (8,11) (9,4) (11,16) (12,12) (13,5) (14,7) (15,25) (16,17) (17,23) (18,10) (20,34) (2,100) (10,99) (19,98) 
time elapsed: 3 (1,3) (4,39) (5,2) (6,19) (7,8) (8,11) (9,4) (11,16) (12,12) (13,5) (14,7) (15,25) (16,17) (17,23) (18,10) (20,34) (10,99) (19,98) (2,32) (3,26) 
time elapsed: 4 (1,3) (4,39) (5,2) (6,19) (7,8) (8,11) (9,4) (11,16) (12,12) (13,5) (14,7) (15,25) (16,17) (17,23) (18,10) (20,34) (10,99) (3,26) (2,37) (19,41) 
time elapsed: 5 (1,3) (4,39) (5,2) (6,19) (7,8) (8,11) (9,4) (11,16) (12,12) (13,5) (14,7) (15,25) (16,17) (17,23) (18,10) (20,34) (10,99) (3,26) (2,37) (19,41) 
time elapsed: 6 (1,3) (4,39) (5,2) (6,19) (8,11) (9,4) (11,16) (12,12) (13,5) (14,7) (15,25) (16,17) (17,23) (18,10) (20,34) (10,99) (3,26) (2,37) (19,41) (7,14) 
time elapsed: 7 (1,3) (4,39) (5,2) (6,19) (8,11) (9,4) (11,16) (12,12) (13,5) (14,7) (15,25) (16,17) (17,23) (18,10) (20,34) (10,99) (3,26) (2,37) (19,41) (7,14) 
time elapsed: 8 (1,3) (4,39) (5,2) (6,19) (8,11) (9,4) (11,16) (12,12) (13,5) (14,7) (15,25) (16,17) (17,23) (18,10) (20,34) (10,99) (3,26) (2,37) (19,41) (7,14) 
time elapsed: 9 (1,3) (4,39) (6,19) (8,11) (9,4) (11,16) (12,12) (13,5) (14,7) (15,25) (16,17) (17,23) (18,10) (20,34) (10,99) (3,26) (2,37) (19,41) (7,14) (5,33) 
time elapsed: 10 (1,3) (4,39) (6,19) (8,11) (9,4) (11,16) (12,12) (13,5) (14,7) (15,25) (16,17) (18,10) (20,34) (10,99) (3,26) (2,37) (19,41) (7,14) (5,33) (17,74) 
time elapsed: 11 (1,3) (4,39) (6,19) (8,11) (9,4) (12,12) (13,5) (14,7) (15,25) (16,17) (20,34) (10,99) (3,26) (2,37) (19,41) (7,14) (5,33) (17,74) (11,24) (18,42) 
time elapsed: 12 (4,39) (6,19) (9,4) (12,12) (13,5) (14,7) (15,25) (16,17) (20,34) (10,99) (3,26) (2,37) (19,41) (7,14) (17,74) (11,24) (18,42) (1,6) (5,89) (8,38) 
time elapsed: 13 (4,39) (6,19) (9,4) (12,12) (13,5) (14,7) (15,25) (16,17) (20,34) (10,99) (2,37) (7,14) (17,74) (11,24) (18,42) (1,6) (3,40) (8,45) (19,44) 
time elapsed: 14 (4,39) (6,19) (9,4) (12,12) (13,5) (14,7) (15,25) (16,17) (20,34) (10,99) (2,37) (7,14) (17,74) (11,24) (18,42) (1,6) (3,40) (8,45) (19,44) 
time elapsed: 15 (4,39) (6,19) (9,4) (12,12) (13,5) (14,7) (16,17) (20,34) (10,99) (2,37) (7,14) (17,74) (11,24) (18,42) (1,6) (3,40) (8,45) (19,44) (5,97) (15,35) 
time elapsed: 16 (4,39) (6,19) (9,4) (13,5) (16,17) (20,34) (10,99) (7,14) (17,74) (11,24) (18,42) (1,6) (3,40) (8,45) (19,44) (5,97) (15,35) (2,50) (12,90) (14,53) 
time elapsed: 17 (4,39) (6,19) (16,17) (10,99) (7,14) (17,74) (11,24) (18,42) (1,6) (3,40) (8,45) (5,97) (15,35) (2,50) (12,90) (14,53) (9,18) (19,49) (20,54) 
time elapsed: 18 (6,19) (10,99) (7,14) (17,74) (11,24) (18,42) (1,6) (3,40) (8,45) (5,97) (15,35) (2,50) (12,90) (14,53) (9,18) (19,49) (20,54) (4,58) (16,52) 
time elapsed: 19 (7,14) (17,74) (11,24) (18,42) (1,6) (3,40) (8,45) (5,97) (15,35) (2,50) (12,90) (14,53) (9,18) (19,49) (20,54) (4,58) (16,52) (6,51) (10,86) (13,96) 
time elapsed: 20 (7,14) (17,74) (18,42) (1,6) (3,40) (8,45) (5,97) (15,35) (2,50) (12,90) (14,53) (9,18) (20,54) (4,58) (16,52) (6,51) (10,86) (13,96) (11,57) (19,91) 
time elapsed: 21 (7,14) (17,74) (18,42) (1,6) (3,40) (8,45) (5,97) (15,35) (2,50) (12,90) (14,53) (9,18) (20,54) (4,58) (6,51) (10,86) (13,96) (11,57) (19,91) (16,59) 
time elapsed: 22 (18,42) (1,6) (3,40) (8,45) (5,97) (15,35) (2,50) (12,90) (14,53) (9,18) (20,54) (4,58) (6,51) (10,86) (13,96) (11,57) (19,91) (16,59) (7,15) 
time elapsed: 23 (18,42) (1,6) (3,40) (8,45) (5,97) (15,35) (2,50) (12,90) (14,53) (9,18) (20,54) (4,58) (6,51) (10,86) (13,96) (11,57) (19,91) (16,59) (7,15) 
time elapsed: 24 (18,42) (1,6) (8,45) (5,97) (15,35) (2,50) (12,90) (14,53) (4,58) (6,51) (10,86) (13,96) (11,57) (19,91) (7,15) (3,56) (9,27) (16,60) (17,95) (20,62) 
time elapsed: 25 (18,42) (1,6) (8,45) (5,97) (15,35) (2,50) (12,90) (14,53) (4,58) (6,51) (10,86) (13,96) (11,57) (19,91) (7,15) (3,56) (9,27) (16,60) (17,95) (20,66) 
time elapsed: 26 (18,42) (1,6) (5,97) (15,35) (2,50) (12,90) (14,53) (4,58) (6,51) (10,86) (11,57) (19,91) (7,15) (3,56) (9,27) (16,60) (17,95) (20,66) (8,92) 
time elapsed: 27 (5,97) (15,35) (2,50) (12,90) (14,53) (4,58) (6,51) (10,86) (11,57) (19,91) (7,15) (3,56) (9,27) (16,60) (17,95) (20,66) (8,92) (1,9) 
time elapsed: 28 (5,97) (15,35) (2,50) (12,90) (14,53) (4,58) (6,51) (10,86) (19,91) (3,56) (9,27) (17,95) (20,66) (8,92) (1,9) (7,20) (13,94) 
time elapsed: 29 (5,97) (15,35) (2,50) (12,90) (14,53) (4,58) (6,51) (10,86) (19,91) (3,56) (9,27) (17,95) (20,66) (8,92) (1,9) (7,20) (13,94) (18,88) 
time elapsed: 30 (5,97) (15,35) (2,50) (12,90) (14,53) (4,58) (6,51) (10,86) (19,91) (3,56) (9,27) (17,95) (20,66) (1,9) (7,20) (13,94) (18,88) (11,87) (16,85) 
time elapsed: 31 (5,97) (15,35) (2,50) (12,90) (4,58) (6,51) (10,86) (19,91) (9,27) (17,95) (20,66) (1,9) (7,20) (13,94) (18,88) (11,87) (16,85) (3,64) (14,78) 
time elapsed: 32 (5,97) (15,35) (2,50) (4,58) (6,51) (10,86) (19,91) (9,27) (17,95) (20,66) (1,9) (7,20) (13,94) (18,88) (11,87) (16,85) (3,64) (14,78) (8,84) 
time elapsed: 33 (2,50) (4,58) (10,86) (19,91) (9,27) (17,95) (20,66) (1,9) (7,20) (13,94) (18,88) (11,87) (16,85) (3,64) (14,78) (5,63) (6,67) (8,13) (15,79) 
time elapsed: 34 (2,50) (10,86) (19,91) (9,27) (17,95) (20,66) (1,9) (7,20) (13,94) (18,88) (11,87) (16,85) (3,64) (14,78) (5,63) (6,67) (8,13) (15,79) (12,83) 
time elapsed: 35 (10,86) (19,91) (9,27) (17,95) (20,66) (1,9) (7,20) (13,94) (18,88) (11,87) (3,64) (14,78) (5,63) (6,67) (8,13) (15,79) (12,83) (2,73) (16,22) 
time elapsed: 36 (19,91) (9,27) (17,95) (20,66) (1,9) (7,20) (13,94) (18,88) (11,87) (3,64) (14,78) (5,63) (6,67) (8,13) (15,79) (12,83) (2,73) (16,22) (4,82) 
time elapsed: 37 (19,91) (17,95) (20,66) (1,9) (7,20) (13,94) (18,88) (3,64) (5,63) (6,67) (8,13) (15,79) (12,83) (2,73) (16,22) (4,82) (9,46) 
time elapsed: 38 (17,95) (1,9) (7,20) (18,88) (3,64) (5,63) (6,67) (8,13) (15,79) (12,83) (2,73) (16,22) (4,82) (9,46) (10,81) (13,55) 
time elapsed: 39 (17,95) (1,9) (7,20) (18,88) (3,64) (5,63) (6,67) (8,13) (15,79) (12,83) (16,22) (4,82) (9,46) (10,81) (13,55) (11,80) (14,77) 
time elapsed: 40 (17,95) (1,9) (7,20) (18,88) (3,64) (5,63) (6,67) (8,13) (15,79) (12,83) (16,22) (4,82) (10,81) (13,55) (11,80) (14,77) (19,75) (20,71) 
time elapsed: 41 (17,95) (1,9) (7,20) (18,88) (3,64) (5,63) (6,67) (8,13) (15,79) (12,83) (16,22) (4,82) (10,81) (11,80) (14,77) (19,75) (20,71) (2,70) 
time elapsed: 42 (17,95) (7,20) (18,88) (3,64) (5,63) (6,67) (8,13) (15,79) (12,83) (16,22) (4,82) (10,81) (11,80) (14,77) (19,75) (20,71) (2,70) (1,28) (9,69) 
time elapsed: 43 (7,20) (18,88) (3,64) (6,67) (15,79) (12,83) (16,22) (10,81) (14,77) (20,71) (2,70) (1,28) (9,69) (4,30) (8,43) (13,68) 
time elapsed: 44 (7,20) (18,88) (3,64) (6,67) (15,79) (12,83) (16,22) (14,77) (20,71) (2,70) (1,28) (9,69) (4,30) (8,43) (13,68) 
time elapsed: 45 (7,20) (18,88) (6,67) (15,79) (16,22) (14,77) (20,71) (2,70) (1,28) (9,69) (4,30) (8,43) (13,68) (5,47) (11,36) (17,31) (19,29) 
time elapsed: 46 (7,20) (15,79) (14,77) (20,71) (2,70) (1,28) (9,69) (4,30) (8,43) (13,68) (5,47) (11,36) (17,31) (19,29) (10,21) 
time elapsed: 47 (15,79) (14,77) (20,71) (2,70) (4,30) (8,43) (13,68) (5,47) (11,36) (17,31) (19,29) (10,21) 
time elapsed: 48 (15,79) (14,77) (20,71) (2,70) (4,30) (8,43) (13,68) (5,47) (11,36) (17,31) (19,29) 
time elapsed: 49 (15,79) (14,77) (20,71) (2,70) (4,30) (13,68) (5,47) (11,36) (17,31) (19,29) 
time elapsed: 50 (15,79) (14,77) (20,71) (2,70) (4,30) (13,68) (5,47) (11,36) (17,31) (19,29) 
time elapsed: 51 (15,79) (14,77) (20,71) (4,30) (13,68) (5,47) (11,36) (17,31) (19,29) 
time elapsed: 52 (14,77) (20,71) (4,30) (13,68) (5,47) (11,36) (17,31) (19,29) 
time elapsed: 53 (14,77) (20,71) (4,30) (13,68) (11,36) (17,31) (19,29) 
time elapsed: 54 (14,77) (20,71) (4,30) (11,36) (17,31) (19,29) 
time elapsed: 55 (14,77) (20,71) (4,30) (11,36) (17,31) (19,29) 
time elapsed: 56 (4,30) (17,31) (19,29) 
time elapsed: 57 (4,30) (17,31) (19,29) 
time elapsed: 58 (4,30) (17,31) (19,29) 
time elapsed: 59 (17,31) 
time elapsed: 60 (17,31) 
time elapsed: 61 (17,31) 
time elapsed: 62 (17,31) 
